********************************************************************************
Field Output Report, written Fri Sep 27 12:48:17 2024

Source 1
---------

   ODB: C:/temp/Job-3.odb
   Step: Step-1
   Frame: Increment      1: Step Time =    1.000

Loc 1 : Nodal values from source 1

Output sorted by column "Node Label".

Field Output reported at nodes for part: lervæg 4-1

      Node Label    RF.Magnitude          RF.RF1          RF.RF2          RF.RF3
                          @Loc 1          @Loc 1          @Loc 1          @Loc 1
---------------------------------------------------------------------------------
               1              0.              0.              0.              0.
               2              0.              0.              0.              0.
               3              0.              0.              0.              0.
               4              0.              0.              0.              0.
               5              0.              0.              0.              0.
               6              0.              0.              0.              0.
               7              0.              0.              0.              0.
               8              0.              0.              0.              0.
               9              0.              0.              0.              0.
              10              0.              0.              0.              0.
              11              0.              0.              0.              0.
              12              0.              0.              0.              0.
              13              0.              0.              0.              0.
              14              0.              0.              0.              0.
              15              0.              0.              0.              0.
              16              0.              0.              0.              0.
              17              0.              0.              0.              0.
              18              0.              0.              0.              0.
              19              0.              0.              0.              0.
              20              0.              0.              0.              0.
              21              0.              0.              0.              0.
              22              0.              0.              0.              0.
              23              0.              0.              0.              0.
              24              0.              0.              0.              0.
              25              0.              0.              0.              0.
              26              0.              0.              0.              0.
              27              0.              0.              0.              0.
              28              0.              0.              0.              0.
              29              0.              0.              0.              0.
              30              0.              0.              0.              0.
              31              0.              0.              0.              0.
              32              0.              0.              0.              0.
              33              0.              0.              0.              0.
              34              0.              0.              0.              0.
              35              0.              0.              0.              0.
              36              0.              0.              0.              0.
              37              0.              0.              0.              0.
              38              0.              0.              0.              0.
              39              0.              0.              0.              0.
              40              0.              0.              0.              0.
              41              0.              0.              0.              0.
              42              0.              0.              0.              0.
              43         180.188        -180.102              0.        -5.58351
              44         138.194        -138.147              0.        -3.60327
              45              0.              0.              0.              0.
              46              0.              0.              0.              0.
              47         125.126        -125.008              0.        -5.44987
              48         121.855        -121.813              0.        -3.20460
              49              0.              0.              0.              0.
              50              0.              0.              0.              0.
              51         93.0413        -92.9373              0.        -4.39712
              52         87.0240        -86.9928              0.        -2.32809
              53              0.              0.              0.              0.
              54              0.              0.              0.              0.
              55         59.7037        -59.6261              0.        -3.04249
              56         52.5864        -52.5740              0.        -1.14152
              57              0.              0.              0.              0.
              58              0.              0.              0.              0.
              59         24.8920        -24.8434              0.        -1.55347
              60         15.4412        -15.4378              0.     325.533E-03
              61              0.              0.              0.              0.
              62              0.              0.              0.              0.
              63              0.              0.              0.              0.
              64              0.              0.              0.              0.
              65              0.              0.              0.              0.
              66              0.              0.              0.              0.
              67         73.8344         73.7405              0.        -3.72333
              68              0.              0.              0.              0.
              69              0.              0.              0.              0.
              70         66.2117         66.1890              0.        -1.73520
              71         111.007         110.895              0.        -4.99325
              72              0.              0.              0.              0.
              73              0.              0.              0.              0.
              74         102.155         102.119              0.        -2.71558
              75         158.704         158.615              0.        -5.32130
              76              0.              0.              0.              0.
              77              0.              0.              0.              0.
              78         145.953         145.917              0.        -3.22706
              79              0.              0.              0.              0.
              80              0.              0.              0.              0.
              81              0.              0.              0.              0.
              82              0.              0.              0.              0.
              83     1.75997E+03        -8.90952     1.75985E+03        -18.4765
              84         130.703         130.700              0.    -901.985E-03
              85         274.262         274.245              0.        -3.00364
              86         373.175         364.897         77.7093        -8.45993
              87     1.62746E+03        -67.0611     1.62603E+03        -12.7415
              88              0.              0.              0.              0.
              89     2.16722E+03         132.256     2.16312E+03        -16.3335
              90     3.87678E+03         1.48521     3.87665E+03        -32.5296
              91     3.89279E+03        -5.83565     3.89265E+03        -33.0574
              92     3.90719E+03        -90.2693     3.90600E+03        -33.1710
              93     2.16576E+03        -293.331     2.14573E+03        -17.4708
              94     1.74925E+03         267.410     1.72864E+03        -12.3831
              95     1.58299E+03        -235.518     1.56527E+03        -17.2168
              96         293.249        -293.207              0.        -4.97887
              97         294.061        -294.019              0.        -4.96922
              98         234.301        -234.266              0.        -4.06684
              99         234.967        -234.932              0.        -4.04804
             100         171.867        -171.840              0.        -3.02931
             101         172.492        -172.466              0.        -3.00796
             102         109.678        -109.661              0.        -1.92384
             103         110.280        -110.264              0.        -1.90112
             104         48.9494        -48.9434              0.    -768.197E-03
             105         49.5173        -49.5117              0.    -743.292E-03
             106         10.2808         10.2762              0.     306.019E-03
             107              0.              0.              0.              0.
             108              0.              0.              0.              0.
             109              0.              0.              0.              0.
             110              0.              0.              0.              0.
             111              0.              0.              0.              0.
             112              0.              0.              0.              0.
             113         12.7915         12.7912              0.    -82.9826E-03
             114              0.              0.              0.              0.
             115         18.0083         18.0022              0.    -471.228E-03
             116         13.6807         13.6807              0.     41.1448E-03
             117         39.2261         39.1614              0.        -2.25241
             118         32.2781         32.2751              0.    -443.213E-03
             119         78.6073         78.5958              0.        -1.34315
             120         78.0033         77.9914              0.        -1.36580
             121              0.              0.              0.              0.
             122         139.962         139.940              0.        -2.47157
             123         139.362         139.339              0.        -2.49448
             124         200.500         200.469              0.        -3.55620
             125         199.923         199.891              0.        -3.58054
             126         257.213         257.174              0.        -4.50517
             127         256.670         256.630              0.        -4.53165
             128              0.              0.              0.              0.
             129              0.              0.              0.              0.
             130              0.              0.              0.              0.
             131              0.              0.              0.              0.
             132              0.              0.              0.              0.
             133              0.              0.              0.              0.
             134              0.              0.              0.              0.
             135              0.              0.              0.              0.
             136              0.              0.              0.              0.
             137              0.              0.              0.              0.
             138              0.              0.              0.              0.
             139              0.              0.              0.              0.
             140              0.              0.              0.              0.
             141              0.              0.              0.              0.
             142              0.              0.              0.              0.
             143              0.              0.              0.              0.
             144              0.              0.              0.              0.
             145              0.              0.              0.              0.
             146              0.              0.              0.              0.
             147              0.              0.              0.              0.
             148              0.              0.              0.              0.
             149              0.              0.              0.              0.
             150              0.              0.              0.              0.
             151              0.              0.              0.              0.
             152              0.              0.              0.              0.
             153              0.              0.              0.              0.
             154              0.              0.              0.              0.
             155              0.              0.              0.              0.
             156              0.              0.              0.              0.
             157              0.              0.              0.              0.
             158              0.              0.              0.              0.
             159              0.              0.              0.              0.
             160              0.              0.              0.              0.
             161              0.              0.              0.              0.
             162              0.              0.              0.              0.
             163              0.              0.              0.              0.
             164              0.              0.              0.              0.
             165              0.              0.              0.              0.
             166              0.              0.              0.              0.
             167              0.              0.              0.              0.
             168              0.              0.              0.              0.
             169              0.              0.              0.              0.
             170              0.              0.              0.              0.
             171              0.              0.              0.              0.
             172              0.              0.              0.              0.
             173              0.              0.              0.              0.
             174              0.              0.              0.              0.
             175              0.              0.              0.              0.
             176              0.              0.              0.              0.
             177              0.              0.              0.              0.
             178              0.              0.              0.              0.
             179              0.              0.              0.              0.
             180              0.              0.              0.              0.
             181              0.              0.              0.              0.
             182              0.              0.              0.              0.
             183              0.              0.              0.              0.
             184              0.              0.              0.              0.
             185              0.              0.              0.              0.
             186              0.              0.              0.              0.
             187              0.              0.              0.              0.
             188              0.              0.              0.              0.
             189              0.              0.              0.              0.
             190              0.              0.              0.              0.
             191              0.              0.              0.              0.
             192              0.              0.              0.              0.
             193              0.              0.              0.              0.
             194              0.              0.              0.              0.
             195              0.              0.              0.              0.
             196              0.              0.              0.              0.
             197              0.              0.              0.              0.
             198              0.              0.              0.              0.
             199              0.              0.              0.              0.
             200              0.              0.              0.              0.
             201              0.              0.              0.              0.
             202              0.              0.              0.              0.
             203              0.              0.              0.              0.
             204              0.              0.              0.              0.
             205              0.              0.              0.              0.
             206              0.              0.              0.              0.
             207              0.              0.              0.              0.
             208              0.              0.              0.              0.
             209              0.              0.              0.              0.
             210              0.              0.              0.              0.
             211              0.              0.              0.              0.
             212              0.              0.              0.              0.
             213              0.              0.              0.              0.
             214              0.              0.              0.              0.
             215              0.              0.              0.              0.
             216              0.              0.              0.              0.
             217              0.              0.              0.              0.
             218              0.              0.              0.              0.
             219              0.              0.              0.              0.
             220              0.              0.              0.              0.
             221              0.              0.              0.              0.
             222              0.              0.              0.              0.
             223              0.              0.              0.              0.
             224              0.              0.              0.              0.
             225              0.              0.              0.              0.
             226              0.              0.              0.              0.
             227              0.              0.              0.              0.
             228              0.              0.              0.              0.
             229              0.              0.              0.              0.
             230              0.              0.              0.              0.
             231              0.              0.              0.              0.
             232              0.              0.              0.              0.
             233              0.              0.              0.              0.
             234              0.              0.              0.              0.
             235              0.              0.              0.              0.
             236              0.              0.              0.              0.
             237              0.              0.              0.              0.
             238              0.              0.              0.              0.
             239              0.              0.              0.              0.
             240              0.              0.              0.              0.
             241              0.              0.              0.              0.
             242              0.              0.              0.              0.
             243              0.              0.              0.              0.
             244              0.              0.              0.              0.
             245              0.              0.              0.              0.
             246              0.              0.              0.              0.
             247              0.              0.              0.              0.
             248              0.              0.              0.              0.
             249         694.471         694.376              0.        -11.4636
             250              0.              0.              0.              0.
             251              0.              0.              0.              0.
             252     2.99470E+03         34.1444     2.99439E+03        -25.7000
             253              0.              0.              0.              0.
             254              0.              0.              0.              0.
             255     3.91387E+03         43.0510     3.91348E+03        -34.7010
             256              0.              0.              0.              0.
             257     3.88197E+03         47.0555     3.88155E+03        -33.4448
             258              0.              0.              0.              0.
             259     3.91971E+03        -23.6898     3.91949E+03        -33.7358
             260     3.93473E+03        -369.245     3.91722E+03        -33.6227
             261              0.              0.              0.              0.
             262              0.              0.              0.              0.
             263     3.05763E+03         301.975     3.04254E+03        -29.6000
             264         464.028        -463.872              0.        -12.0184
             265         648.183        -648.107              0.        -9.94809
             266              0.              0.              0.              0.
             267         282.241        -282.102              0.        -8.85303
             268         517.506        -517.442              0.        -8.11488
             269              0.              0.              0.              0.
             270         219.547        -219.450              0.        -6.51791
             271         379.884        -379.836              0.        -6.03726
             272              0.              0.              0.              0.
             273         151.714        -151.648              0.        -4.47793
             274         242.552        -242.522              0.        -3.82497
             275              0.              0.              0.              0.
             276         86.2090        -86.1699              0.        -2.59449
             277         108.026        -108.015              0.        -1.51149
             278         13.1837        -13.1557              0.    -858.953E-03
             279              0.              0.              0.              0.
             280              0.              0.              0.              0.
             281              0.              0.              0.              0.
             282              0.              0.              0.              0.
             283              0.              0.              0.              0.
             284              0.              0.              0.              0.
             285              0.              0.              0.              0.
             286              0.              0.              0.              0.
             287              0.              0.              0.              0.
             288              0.              0.              0.              0.
             289              0.              0.              0.              0.
             290              0.              0.              0.              0.
             291         35.2936         35.2910              0.    -430.084E-03
             292              0.              0.              0.              0.
             293         172.954         172.933              0.        -2.70896
             294              0.              0.              0.              0.
             295         115.031         114.976              0.        -3.54506
             296              0.              0.              0.              0.
             297         308.627         308.587              0.        -4.96606
             298         180.117         180.033              0.        -5.50362
             299              0.              0.              0.              0.
             300         442.763         442.706              0.        -7.13674
             301         241.008         240.883              0.        -7.74124
             302              0.              0.              0.              0.
             303         569.079         569.007              0.        -9.03682
             304         284.379         284.171              0.        -10.8656
             305              0.              0.              0.              0.
             306              0.              0.              0.              0.
             307              0.              0.              0.              0.
             308              0.              0.              0.              0.
             309              0.              0.              0.              0.
             310              0.              0.              0.              0.
             311         48.9297         48.8980              0.        -1.76073
             312              0.              0.              0.              0.
             313              0.              0.              0.              0.
             314              0.              0.              0.              0.
             315              0.              0.              0.              0.
             316              0.              0.              0.              0.
             317              0.              0.              0.              0.
             318              0.              0.              0.              0.
             319              0.              0.              0.              0.
             320              0.              0.              0.              0.
             321              0.              0.              0.              0.
             322              0.              0.              0.              0.
             323              0.              0.              0.              0.
             324              0.              0.              0.              0.
             325              0.              0.              0.              0.
             326              0.              0.              0.              0.
             327              0.              0.              0.              0.
             328              0.              0.              0.              0.
             329              0.              0.              0.              0.
             330              0.              0.              0.              0.
             331              0.              0.              0.              0.
             332              0.              0.              0.              0.
             333              0.              0.              0.              0.
             334              0.              0.              0.              0.
             335              0.              0.              0.              0.
             336              0.              0.              0.              0.
             337              0.              0.              0.              0.
             338              0.              0.              0.              0.
             339              0.              0.              0.              0.
             340              0.              0.              0.              0.
             341              0.              0.              0.              0.
             342              0.              0.              0.              0.
             343              0.              0.              0.              0.
             344              0.              0.              0.              0.
             345              0.              0.              0.              0.
             346              0.              0.              0.              0.
             347              0.              0.              0.              0.
             348              0.              0.              0.              0.
             349              0.              0.              0.              0.
             350              0.              0.              0.              0.
             351              0.              0.              0.              0.
             352              0.              0.              0.              0.
             353              0.              0.              0.              0.
             354              0.              0.              0.              0.
             355              0.              0.              0.              0.
             356              0.              0.              0.              0.
             357              0.              0.              0.              0.
             358              0.              0.              0.              0.
             359              0.              0.              0.              0.
             360              0.              0.              0.              0.
             361              0.              0.              0.              0.
             362              0.              0.              0.              0.
             363              0.              0.              0.              0.
             364              0.              0.              0.              0.
             365              0.              0.              0.              0.
             366              0.              0.              0.              0.
             367              0.              0.              0.              0.
             368              0.              0.              0.              0.
             369              0.              0.              0.              0.
             370              0.              0.              0.              0.
             371              0.              0.              0.              0.
             372              0.              0.              0.              0.
             373              0.              0.              0.              0.
             374              0.              0.              0.              0.
             375              0.              0.              0.              0.
             376              0.              0.              0.              0.
             377              0.              0.              0.              0.
             378              0.              0.              0.              0.
             379              0.              0.              0.              0.
             380              0.              0.              0.              0.
             381              0.              0.              0.              0.
             382              0.              0.              0.              0.
             383              0.              0.              0.              0.
             384              0.              0.              0.              0.
             385              0.              0.              0.              0.
             386              0.              0.              0.              0.
             387              0.              0.              0.              0.
             388              0.              0.              0.              0.
             389              0.              0.              0.              0.
             390              0.              0.              0.              0.
             391              0.              0.              0.              0.
             392              0.              0.              0.              0.
             393              0.              0.              0.              0.
             394              0.              0.              0.              0.
             395              0.              0.              0.              0.
             396              0.              0.              0.              0.
             397              0.              0.              0.              0.
             398              0.              0.              0.              0.
             399              0.              0.              0.              0.
             400              0.              0.              0.              0.
             401              0.              0.              0.              0.
             402              0.              0.              0.              0.
             403              0.              0.              0.              0.
             404              0.              0.              0.              0.
             405              0.              0.              0.              0.
             406              0.              0.              0.              0.
             407              0.              0.              0.              0.
             408              0.              0.              0.              0.
             409              0.              0.              0.              0.
             410              0.              0.              0.              0.
             411              0.              0.              0.              0.
             412              0.              0.              0.              0.
             413              0.              0.              0.              0.
             414              0.              0.              0.              0.
             415              0.              0.              0.              0.
             416              0.              0.              0.              0.
             417              0.              0.              0.              0.
             418              0.              0.              0.              0.
             419              0.              0.              0.              0.
             420              0.              0.              0.              0.
             421         180.188        -180.102              0.         5.58351
             422         138.194        -138.147              0.         3.60329
             423              0.              0.              0.              0.
             424              0.              0.              0.              0.
             425         125.126        -125.008              0.         5.44988
             426         121.855        -121.813              0.         3.20462
             427              0.              0.              0.              0.
             428              0.              0.              0.              0.
             429         93.0414        -92.9374              0.         4.39714
             430         87.0240        -86.9929              0.         2.32811
             431              0.              0.              0.              0.
             432              0.              0.              0.              0.
             433         59.7037        -59.6262              0.         3.04251
             434         52.5864        -52.5740              0.         1.14154
             435              0.              0.              0.              0.
             436              0.              0.              0.              0.
             437         24.8920        -24.8435              0.         1.55349
             438         15.4413        -15.4379              0.    -325.497E-03
             439              0.              0.              0.              0.
             440              0.              0.              0.              0.
             441              0.              0.              0.              0.
             442              0.              0.              0.              0.
             443              0.              0.              0.              0.
             444              0.              0.              0.              0.
             445         73.8345         73.7405              0.         3.72335
             446              0.              0.              0.              0.
             447              0.              0.              0.              0.
             448         66.2118         66.1891              0.         1.73522
             449         111.007         110.895              0.         4.99327
             450              0.              0.              0.              0.
             451              0.              0.              0.              0.
             452         102.155         102.119              0.         2.71561
             453         158.704         158.615              0.         5.32131
             454              0.              0.              0.              0.
             455              0.              0.              0.              0.
             456         145.953         145.917              0.         3.22708
             457              0.              0.              0.              0.
             458              0.              0.              0.              0.
             459              0.              0.              0.              0.
             460              0.              0.              0.              0.
             461     1.75997E+03        -8.90952     1.75985E+03         18.4764
             462         130.703         130.700              0.     901.993E-03
             463         274.262         274.245              0.         3.00365
             464         373.175         364.897         77.7093         8.45993
             465     1.62746E+03        -67.0611     1.62603E+03         12.7414
             466              0.              0.              0.              0.
             467     2.16722E+03         132.256     2.16312E+03         16.3334
             468     3.87678E+03         1.48521     3.87665E+03         32.5296
             469     3.89279E+03        -5.83565     3.89265E+03         33.0574
             470     3.90719E+03        -90.2693     3.90600E+03         33.1710
             471     2.16576E+03        -293.331     2.14573E+03         17.4707
             472     1.74925E+03         267.410     1.72864E+03         12.3831
             473     1.58299E+03        -235.518     1.56527E+03         17.2168
             474         293.249        -293.207              0.         4.97887
             475         294.061        -294.019              0.         4.96923
             476         234.301        -234.266              0.         4.06684
             477         234.967        -234.932              0.         4.04805
             478         171.867        -171.840              0.         3.02931
             479         172.492        -172.466              0.         3.00797
             480         109.678        -109.661              0.         1.92385
             481         110.280        -110.264              0.         1.90114
             482         48.9494        -48.9434              0.     768.206E-03
             483         49.5173        -49.5117              0.     743.303E-03
             484         10.2807         10.2762              0.    -306.021E-03
             485              0.              0.              0.              0.
             486              0.              0.              0.              0.
             487              0.              0.              0.              0.
             488              0.              0.              0.              0.
             489              0.              0.              0.              0.
             490              0.              0.              0.              0.
             491         12.7915         12.7913              0.     83.0005E-03
             492              0.              0.              0.              0.
             493         18.0083         18.0022              0.     471.243E-03
             494         13.6807         13.6807              0.    -41.1346E-03
             495         39.2261         39.1614              0.         2.25243
             496         32.2782         32.2752              0.     443.232E-03
             497         78.6073         78.5958              0.         1.34316
             498         78.0033         77.9914              0.         1.36581
             499              0.              0.              0.              0.
             500         139.962         139.940              0.         2.47159
             501         139.362         139.339              0.         2.49449
             502         200.500         200.469              0.         3.55621
             503         199.923         199.891              0.         3.58055
             504         257.213         257.174              0.         4.50518
             505         256.670         256.630              0.         4.53165
             506              0.              0.              0.              0.
             507              0.              0.              0.              0.
             508              0.              0.              0.              0.
             509              0.              0.              0.              0.
             510              0.              0.              0.              0.
             511              0.              0.              0.              0.
             512              0.              0.              0.              0.
             513              0.              0.              0.              0.
             514              0.              0.              0.              0.
             515              0.              0.              0.              0.
             516              0.              0.              0.              0.
             517              0.              0.              0.              0.
             518              0.              0.              0.              0.
             519              0.              0.              0.              0.
             520              0.              0.              0.              0.
             521              0.              0.              0.              0.
             522              0.              0.              0.              0.
             523              0.              0.              0.              0.
             524              0.              0.              0.              0.
             525              0.              0.              0.              0.
             526              0.              0.              0.              0.
             527              0.              0.              0.              0.
             528              0.              0.              0.              0.
             529              0.              0.              0.              0.
             530              0.              0.              0.              0.
             531              0.              0.              0.              0.
             532              0.              0.              0.              0.
             533              0.              0.              0.              0.
             534              0.              0.              0.              0.
             535              0.              0.              0.              0.
             536              0.              0.              0.              0.
             537              0.              0.              0.              0.
             538              0.              0.              0.              0.
             539              0.              0.              0.              0.
             540              0.              0.              0.              0.
             541              0.              0.              0.              0.
             542              0.              0.              0.              0.
             543              0.              0.              0.              0.
             544              0.              0.              0.              0.
             545              0.              0.              0.              0.
             546              0.              0.              0.              0.
             547              0.              0.              0.              0.
             548              0.              0.              0.              0.
             549              0.              0.              0.              0.
             550              0.              0.              0.              0.
             551              0.              0.              0.              0.
             552              0.              0.              0.              0.
             553              0.              0.              0.              0.
             554              0.              0.              0.              0.
             555              0.              0.              0.              0.
             556              0.              0.              0.              0.
             557              0.              0.              0.              0.
             558              0.              0.              0.              0.
             559              0.              0.              0.              0.
             560              0.              0.              0.              0.
             561              0.              0.              0.              0.
             562              0.              0.              0.              0.
             563              0.              0.              0.              0.
             564              0.              0.              0.              0.
             565              0.              0.              0.              0.
             566              0.              0.              0.              0.
             567              0.              0.              0.              0.
             568              0.              0.              0.              0.
             569              0.              0.              0.              0.
             570              0.              0.              0.              0.
             571              0.              0.              0.              0.
             572              0.              0.              0.              0.
             573              0.              0.              0.              0.
             574              0.              0.              0.              0.
             575              0.              0.              0.              0.
             576              0.              0.              0.              0.
             577              0.              0.              0.              0.
             578              0.              0.              0.              0.
             579              0.              0.              0.              0.
             580              0.              0.              0.              0.
             581              0.              0.              0.              0.
             582              0.              0.              0.              0.
             583              0.              0.              0.              0.
             584              0.              0.              0.              0.
             585              0.              0.              0.              0.
             586              0.              0.              0.              0.
             587              0.              0.              0.              0.
             588              0.              0.              0.              0.
             589              0.              0.              0.              0.
             590              0.              0.              0.              0.
             591              0.              0.              0.              0.
             592              0.              0.              0.              0.
             593              0.              0.              0.              0.
             594              0.              0.              0.              0.
             595              0.              0.              0.              0.
             596              0.              0.              0.              0.
             597              0.              0.              0.              0.
             598              0.              0.              0.              0.
             599              0.              0.              0.              0.
             600              0.              0.              0.              0.
             601              0.              0.              0.              0.
             602              0.              0.              0.              0.
             603              0.              0.              0.              0.
             604              0.              0.              0.              0.
             605              0.              0.              0.              0.
             606              0.              0.              0.              0.
             607              0.              0.              0.              0.
             608              0.              0.              0.              0.
             609              0.              0.              0.              0.
             610              0.              0.              0.              0.
             611              0.              0.              0.              0.
             612              0.              0.              0.              0.
             613              0.              0.              0.              0.
             614              0.              0.              0.              0.
             615              0.              0.              0.              0.
             616              0.              0.              0.              0.
             617              0.              0.              0.              0.
             618              0.              0.              0.              0.
             619              0.              0.              0.              0.
             620              0.              0.              0.              0.
             621              0.              0.              0.              0.
             622              0.              0.              0.              0.
             623              0.              0.              0.              0.
             624              0.              0.              0.              0.
             625              0.              0.              0.              0.
             626              0.              0.              0.              0.
             627         694.471         694.376              0.         11.4636
             628              0.              0.              0.              0.
             629              0.              0.              0.              0.
             630     2.99470E+03         34.1444     2.99439E+03         25.6999
             631              0.              0.              0.              0.
             632              0.              0.              0.              0.
             633     3.91387E+03         43.0510     3.91348E+03         34.7009
             634              0.              0.              0.              0.
             635     3.88197E+03         47.0555     3.88155E+03         33.4447
             636              0.              0.              0.              0.
             637     3.91971E+03        -23.6898     3.91950E+03         33.7358
             638     3.93473E+03        -369.245     3.91722E+03         33.6226
             639              0.              0.              0.              0.
             640              0.              0.              0.              0.
             641     3.05763E+03         301.975     3.04254E+03         29.5999
             642         464.028        -463.872              0.         12.0184
             643         648.183        -648.107              0.         9.94810
             644              0.              0.              0.              0.
             645         282.241        -282.102              0.         8.85305
             646         517.506        -517.442              0.         8.11490
             647              0.              0.              0.              0.
             648         219.547        -219.450              0.         6.51794
             649         379.884        -379.836              0.         6.03728
             650              0.              0.              0.              0.
             651         151.714        -151.648              0.         4.47795
             652         242.552        -242.522              0.         3.82499
             653              0.              0.              0.              0.
             654         86.2090        -86.1700              0.         2.59451
             655         108.026        -108.015              0.         1.51151
             656         13.1838        -13.1558              0.     858.980E-03
             657              0.              0.              0.              0.
             658              0.              0.              0.              0.
             659              0.              0.              0.              0.
             660              0.              0.              0.              0.
             661              0.              0.              0.              0.
             662              0.              0.              0.              0.
             663              0.              0.              0.              0.
             664              0.              0.              0.              0.
             665              0.              0.              0.              0.
             666              0.              0.              0.              0.
             667              0.              0.              0.              0.
             668              0.              0.              0.              0.
             669         35.2937         35.2911              0.     430.108E-03
             670              0.              0.              0.              0.
             671         172.954         172.933              0.         2.70898
             672              0.              0.              0.              0.
             673         115.031         114.976              0.         3.54509
             674              0.              0.              0.              0.
             675         308.627         308.587              0.         4.96608
             676         180.117         180.033              0.         5.50364
             677              0.              0.              0.              0.
             678         442.763         442.706              0.         7.13676
             679         241.008         240.883              0.         7.74126
             680              0.              0.              0.              0.
             681         569.079         569.007              0.         9.03683
             682         284.379         284.171              0.         10.8656
             683              0.              0.              0.              0.
             684              0.              0.              0.              0.
             685              0.              0.              0.              0.
             686              0.              0.              0.              0.
             687              0.              0.              0.              0.
             688              0.              0.              0.              0.
             689         48.9298         48.8981              0.         1.76075
             690              0.              0.              0.              0.
             691              0.              0.              0.              0.
             692              0.              0.              0.              0.
             693              0.              0.              0.              0.
             694              0.              0.              0.              0.
             695              0.              0.              0.              0.
             696              0.              0.              0.              0.
             697              0.              0.              0.              0.
             698              0.              0.              0.              0.
             699              0.              0.              0.              0.
             700              0.              0.              0.              0.
             701              0.              0.              0.              0.
             702              0.              0.              0.              0.
             703              0.              0.              0.              0.
             704              0.              0.              0.              0.
             705              0.              0.              0.              0.
             706              0.              0.              0.              0.
             707              0.              0.              0.              0.
             708              0.              0.              0.              0.
             709              0.              0.              0.              0.
             710              0.              0.              0.              0.
             711              0.              0.              0.              0.
             712              0.              0.              0.              0.
             713              0.              0.              0.              0.
             714              0.              0.              0.              0.
             715              0.              0.              0.              0.
             716              0.              0.              0.              0.
             717              0.              0.              0.              0.
             718              0.              0.              0.              0.
             719              0.              0.              0.              0.
             720              0.              0.              0.              0.
             721              0.              0.              0.              0.
             722              0.              0.              0.              0.
             723              0.              0.              0.              0.
             724              0.              0.              0.              0.
             725              0.              0.              0.              0.
             726              0.              0.              0.              0.
             727              0.              0.              0.              0.
             728              0.              0.              0.              0.
             729              0.              0.              0.              0.
             730              0.              0.              0.              0.
             731              0.              0.              0.              0.
             732              0.              0.              0.              0.
             733              0.              0.              0.              0.
             734              0.              0.              0.              0.
             735              0.              0.              0.              0.
             736              0.              0.              0.              0.
             737              0.              0.              0.              0.
             738              0.              0.              0.              0.
             739              0.              0.              0.              0.
             740              0.              0.              0.              0.
             741              0.              0.              0.              0.
             742              0.              0.              0.              0.
             743              0.              0.              0.              0.
             744              0.              0.              0.              0.
             745              0.              0.              0.              0.
             746              0.              0.              0.              0.
             747              0.              0.              0.              0.
             748              0.              0.              0.              0.
             749              0.              0.              0.              0.
             750              0.              0.              0.              0.
             751              0.              0.              0.              0.
             752              0.              0.              0.              0.
             753              0.              0.              0.              0.
             754              0.              0.              0.              0.
             755              0.              0.              0.              0.
             756              0.              0.              0.              0.


  Minimum                     0.        -648.107              0.        -34.7010
         At Node             756             643             756             255

  Maximum            3.93473E+03         694.376     3.91950E+03         34.7009
         At Node             638             627             637             633

           Total     112.335E+03     27.8950E-06     88.8207E+03     4.83170E-06


